28756246
27887539
15645076
15716533
15742065
15746916
15844140
15643144
14509330
14944532
15211674
14863813
28019302
14378403
13792659
12175365
14474640
11797383
18760149
20802552
21032955
20728519
19811269
29138567
19678585
20403856
20442547
20548663
20392830
19832197
20489997
23618574
27772136
27479175
16840362
27569977
27472971
27471339
27491117
27237499
28009861
28442255
28296979
28901786
26073670
13747037
26680846
26948381
26633907
22115509
20361596
20424557
20662531
18309074
15816672
16767324
29683844
14129260
17138909
13785780
12033309
12171541
12007654
11890548
11796822
12612541
13170276
12630223
14403577
12619455
12994453
13130091
13762715
19050098
19593199
19368201
18785532
16068159
16384056
14400624
16844262
16867258
17022681
17884591
20505590
22917422
22248810
21789106
20868667
19529636
14389063
18712348
16766422
17254529
17236171
17444764
17372496
17633602
17617993
7685195
5521709
14574096
6119599
6430357
6563713
6425331
9611057
9163244
8759469
10344843
18951974
19372171
14435303
19751934
19698773
13324598
13870606
13262138
13405253
12611222
13690201
14144498
14290598
14269464
13706102
14058933
14005658
14699994
16488471
19123772
20353076
21310774
20944651
20803064
19461487
20437148
19986910
13504526
13889064
13786217
14041891
14049354
14070804
12613087
23190492
19692744
26241794
27017598
27143852
16495683
15330779
15202808
16035926
16790274
16731193
22324134
19696268
23451185
20117073
17129565
15172097
12390391
11329944
11922457
12089369
11951905
10742286
29470878
19628342
11828935
12594974
11617232
11368985
11890572
11901398
12527387
12805442
12473157
14805920
20023753
15316094
15012273
14435016
11582894
10524127
10420581
9791663
10131209
10525649
10225385
19936298
13125090
19014900
18549630
18448945
18612256
16784693
15732634
15967596
16407087
16528704
19781143
15647777
16155071
15700908
15073430
16129922
16481575
16547546
16239405
11943448
12290514
18712899
11732988
12569669
12950497
12968951
12400642
13365764
13237725
9605873
9338444
8877220
19522598
9198244
7803040
7842748
7952836
7825326
7556895
13511055
15995646
16425938
16480656
19546108
16675324
16709595
16585289
16509407
15575736
16323452
16570940
19100692
32690120
32516205
19173029
32140727
31803415
32105535
31920899
31739975
31598794
31571680
31671247
31710202
31344069
18604913
32656116
31000887
28996587
26782832
23377352
19244269
7934787
6542736
10829148
11794869
19131482
12053361
12216298
12378356
12445639
12473113
12412636
11221157
11810467
11979805
11863436
26029035
19722195
11927214
11928907
12020217
12247828
11337204
11791823
11907547
11959684
12073252
12155053
19873323
12243544
620171
18335469
19013909
19519499
19604136
21699191
22896191
23416557
23621572
23740790
23739379
24275798
25859015
23782998
17318203
17876684
18245212
18877685
19206649
17457752
136
215
236
246
246
241
247
246
241
247
246
239
243
244
244
239
244
246
241
247
244
239
244
249
244
239
246
239
246
246
241
247
246
239
246
244
244
236
244
246
239
246
239
246
244
239
236
244
246
241
247
241
239
246
236
244
246
244
239
80
241
241
247
2882438
3661344
1327939
2938109
3850787
2240617
4217885
4171530
2194262
3939754
2605937
860445
3661344
1475936
1432955
817464
1459253
3198940
2557151
3479356
1389602
467397
1125831
4781239
1479298
820864
2417671
1596807
2543484
3823036
2876359
4744620
3220795
1352534
2300998
1817278
1085311
620567
2088906
2572486
1104147
2141743
1037596
2278014
1724053
1181103
483635
1071459
3009360
2421536
5307000
2885464
1820745
2167543
346798
663929
4106067
561033
243902
243902
2924964
2870074
4198013
1945
2076
2081
2075
2081
2075
486
13085319
11956193
7540376
10119936
7771980
8863133
561033
136
215
239
246
246
241
247
246
241
247
246
236
243
244
244
239
244
246
241
247
241
239
244
249
244
239
246
239
246
246
241
247
246
239
246
244
244
239
241
246
239
246
239
246
244
239
239
241
246
241
247
241
239
246
239
241
246
244
239
80
241
241
247
2880481
3676373
1346656
3005582
3899332
2240406
4220791
4084289
2103904
3827093
2553856
830667
3676373
1444081
1445956
832542
1457316
3178053
2553279
3510034
1409847
453092
1132781
4773620
1501156
821467
2346837
1525370
2483901
3832635
2874104
4748481
3249455
1375078
2279166
1878830
1163878
660126
2091509
2536650
1105267
2164912
1059645
2316080
1823917
1181919
567482
1165068
2941468
2343882
5229609
2885727
1772046
2116762
344716
658277
4107017
566716
253155
253155
2925098
2869563
4216219
